F: P * np.exp(-x/a)/a + (1-P) * np.exp(-x/b)/b
A:      5.000
B:     10.000
P:      0.600
     1.852
     7.332
     0.808
     2.726
     2.060
     2.714
     5.537
     3.206
     0.630
    11.552
    18.361
    47.055
     8.404
     0.139
     0.556
    11.964
     1.603
     1.485
     6.637
     6.507
     2.559
    14.708
    16.812
    14.356
    16.429
    17.020
     1.920
     0.195
     0.685
     1.284
     0.984
     0.810
     6.330
    11.051
     4.522
    16.520
    11.866
     4.489
     1.953
     6.580
