F: P * np.exp(-x/a)/a + (1-P) * np.exp(-x/b)/b
A:      5.000
B:     10.000
P:      0.667
     2.659
    17.451
     0.621
    12.218
     9.260
     8.134
     5.046
     5.066
     1.210
    43.149
    10.258
     3.229
    10.135
    18.063
     1.768
     0.130
     6.618
     1.230
     9.509
     6.428
     9.125
     2.777
     6.330
     0.143
     0.687
     1.153
    26.605
     3.086
    16.848
    10.318
     3.633
     8.042
     1.034
     0.262
     2.168
     6.474
     0.827
     7.606
     8.019
     0.425