F: P * np.exp(-x/a)/a + (1-P) * np.exp(-x/b)/b
A:      5.000
B:     10.000
P:      0.600
     2.269
     3.194
     0.964
    10.662
    13.141
     0.542
    10.298
     3.528
     9.632
     8.099
     1.842
    17.912
    11.284
    15.848
     4.969
     4.152
    25.924
     7.378
     9.681
     2.349
     6.145
     2.172
     6.473
     0.667
     1.595
    18.321
     5.742
     9.021
    33.797
     1.225
     0.314
     1.651
     2.779
     1.170
     2.657
    10.814
     5.975
    11.606
     5.095
     2.204
     2.659
    17.451
     0.621
    12.218
     9.260
     8.134
     5.046
     5.066
     2.419
    43.149
    10.258
     3.229
    10.135
    18.063
     1.768
     0.130
     6.618
     1.230
     9.509
     6.428
    18.250
     2.777
     6.330
     0.143
     0.687
     1.153
    26.605
     3.086
    16.848
    10.318
     7.266
     8.042
     1.034
     0.262
     2.168
     6.474
     0.827
     7.606
     8.019
     0.425
