F: P * np.exp(-x/a)/a + (1-P) * np.exp(-x/b)/b
A:      5.000
B:     10.000
P:      0.667
    12.099
     2.208
    26.003
     5.295
     0.466
    25.381
     7.748
     2.491
     4.218
     6.511
     2.389
     1.636
     4.113
    14.003
     8.167
     0.531
     0.689
     1.176
     8.751
     5.500
     4.206
     7.016
     8.194
     8.298
     4.388
    13.605
     5.264
     0.736
     3.452
     7.736
     8.385
    12.060
     5.044
     4.273
     3.038
     1.469
     3.601
     6.166
     2.830
    13.082
     2.573
     3.716
     1.866
    15.898
     5.900
     5.478
     4.359
     6.174
     2.060
     4.820
    21.753
    10.072
     1.479
    10.536
    11.508
     7.300
     3.965
     1.507
     8.052
     5.536
     2.846
     1.788
     1.168
     3.110
     8.013
     1.864
     2.877
     2.226
     4.001
    23.752
    16.544
    11.997
     4.096
    60.931
    35.514
     1.036
    12.945
    17.845
     1.302
     8.666
     1.600
     2.710
     2.780
    17.596
    12.476
     4.223
     1.106
    14.572
     7.420
     4.174
     7.370
     0.043
     7.412
    31.522
     0.567
     6.570
     7.514
     2.346
    10.842
     1.576
     3.027
     0.205
     2.604
     5.482
     2.750
    13.657
     8.086
     1.146
     0.687
     3.655
     1.561
    13.828
    10.647
     5.205
     8.683
     2.280
    25.529
     6.033
     1.582
    19.887
    14.214
     5.699
     0.750
     0.557
    19.443
     4.300
    22.248
     4.631
    10.626
     4.004
    39.015
     6.314
     2.175
    11.563
     2.824
    15.978
     4.260
     2.227
    10.840
     0.089
     2.001
     8.903
     2.530
     4.349
     8.737
     4.688
    18.596
     3.451
     6.435
     0.026
     1.384
     6.964
     0.052
     7.091
     6.753
     4.409
     2.652
     1.756
     0.825
     4.344
     6.272
     0.636
     3.746
     0.803
    45.038
     0.504
     2.950
     9.381
    13.002
     2.025
     4.998
     4.608
     5.218
     8.371
    11.669
     9.225
     8.402
    11.616
     3.808
     1.356
    15.877
     4.466
     6.492
     2.085
     0.694
    20.632
     9.061
    12.276
     4.683
     1.597
    11.992
     1.870
     7.824
     2.601
     3.254
     2.972
     0.675
     6.801
     1.513
     1.404
